-40.685182729175764
55.38887816859422
0
34.04345222805459
0
6.768633092810887
0
22.88802489242316
0
-4.491162792301491
967.0414088650513
0
183.00722151296895
0
1.715867121132522
-58.96784667742626
12.448022013146321
0
-1.0869211370711849
17.482085449186577
0
32.54115225324729
0
75.99042179535176
0
101.24066823069012
0
123.21289079152379
0
50.9509901588489
0
19.526351991825493
0
9.216136657341693
0
17.733742975244127
0
21.893686944459454
0
31.732556684157764
0
53.48000928118899
0
62.24768949056103
0
68.1663339937112
0
18.231111048443687
0
23.458093156089994
0
30.856761617055426
0
32.687853674663245
0
41.40259159600113
0
59.984040406087615
0
56.43701221729363
0
41.63476287957178
0
62.94402484011263
0
49.66397267059503
0
54.062007744294036
0
51.885836384471396
0
82.65404485145514
0
66.628324005306
0
42.52674248213591
0
105.40624739173973
0
95.78056708365838
0
57.90006899131605
0
34.13812814887869
0
10.367327257026254
0
11.747663584586071
0
22.723331070626003
0
35.00349185517855
0
60.61618890976612
0
61.441212713469426
0
54.472405343201146
0
52.2849214673373
0
97.69786842927321
0
50.785387875278644
0
54.13968885609343
0
85.64227280025295
0
-104.31217842393829
180.75265270190187
0
-65.60229256198338
87.65325290125645
0
184.12662438089404
0
80.95623687099365
0
52.95460301522729
0
215.70604437115946
0
147.99786164160318
0
67.722538336468
0
175.67285728000823
0
65.4138522174387
0
25.11958776768762
0
17.949845339838884
0
22.569908115085468
0
-24.28055796681599
30.628938609693527
0
15.35933085746641
0
41.43959551509951
0
10.668493417513297
0
11.207610095820499
0
33.35324059264272
0
94.5907557832936
0
56.47182605384427
0
64.58665023406331
0
37.94207906655372
0
83.88638241676988
0
34.564618637515636
0
44.51556342574487
0
21.016597131630274
0
20.18462139235124
0
-22.08938041797775
29.687101593294344
0
-28.122651965035118
69.07664320475644
0
60.40741283644624
0
56.48399515457602
0
36.86992596372657
0
44.16070627861406
0
8.19919433072883
0
22.11115557685943
0
23.642466605440816
0
23.536176534270865
0
-4.545016838581807
29.90005935669479
0
41.210062133188
0
-3.7159357109217446
29.70540276313239
0
-11.383482975473768
-222.17409887444626
19.212658884413393
0
26.647448694084197
0
17.42135223270558
0
-183.7441094731682
0.26552920106574796
4.509009153685719
23.500454504163983
0
-151.38340557359763
11.333877009242762
-7.999408254525502
32.78549788297943
50.24478896849311
0
22.64588906730871
0
26.597368888037835
0
38.07433069452951
0
32.95599348820477
0
19.419855447836795
0
24.696279974732825
15.498035426104199
-43.92335658430423
-13.06937779484024
34.06330870832153
41.77824353788746
21.351158693526703
22.612842778005103
79.86077075750327
0
64.61474217071367
0
69.76562645373401
0
77.37420570797721
0
76.27154969226454
0
40.55238787759721
0
30.684800361695096
0
45.30423886323412
0
27.05077097829391
0
35.65508175333544
0
25.84811440400648
0
34.996281792665506
0
35.794047123392204
0
33.61164819829858
0
25.123677272146296
0
28.972704314566528
0
38.598302513339526
0
57.939601819619924
0
110.33542039989435
0
56.836042776557576
0
35.99512905047574
0
101.40059444438073
0
174.31085122310242
0
183.00083488927018
0
242.82187026502422
0
111.91581698899255
0
201.47635910424543
0
151.1874829345992
0
108.15250564003107
0
-683.0775702237041
1161.2116557479785
0
246.65861154392366
0
140.71346840070981
0
94.448818741607
0
249.30311456409152
0
659.5694414782197
0
223.43621477425268
0
161.5462641860036
0
1006.2275087349647
0
143.4318400762113
0
818.6647177428931
0
20.73514702703632
0
-113.43078467476661
-10.472030589460946
218.52207156193452
0
203.04867229921223
0
20.30334355023531
0
901.4437026316948
0
-60.242356275044415
121.8595670875668
0
144.41977503804205
0
146.7462219844315
0
48.68566055407968
0
-9.3363315134274
-17.101333691038803
-3.111986168399117
921.6799559259853
0
51.7659137027815
0
-14.75636081721951
772.9554001742908
0
238.77530661504716
0
-10.54163869401411
-0.5903343723906627
-6.719414027430695
-28.16616804611161
-103.46295332293515
-20.35146556954715
145.0810050926343
0
-114.19249690056984
-21.028104220699895
-397.5460164590375
108.823199366652
0
-238.78067259836646
-38.28831902806635
17.840960891304483
0
-180.5411630163876
-4.109001767344115
-133.0491926175574
18.517482253903832
0
-13.48128032364647
206.70059102872943
0
-503.34864771170294
24.893496238633965
0
12.687438445956928
0
-0.4154927893456595
4.107535596365528
16.463207747976348
0
-293.24643598104063
80.18582353064633
0
56.29270042309638
0
0.3320680749050009
42.2112104565956
0
53.75744257701594
224.1663155421192
3.157856914128825
27.907454504407987
622.8718373325028
476.65612368769246
0
-75.05719845808868
-1.464030924940765
8.206779580100555
97.81813203027176
0
27.499552341264973
0
-5.726158785136207
30.742872274062243
0
18.264404668962882
0
285.55127674554086
0
368.83676064868945
0
-110.1743625654829
9.78158424008739
0
182.92452687090025
0
-627.7722328529741
22.223751012136
0
338.8084512675265
0
-1620.7378563138532
95.40440805126316
0
122.5367601207075
0
-97.20840273821536
-32.42687623206925
255.6263161583415
0
124.54037579125749
0
552.2669117893988
0
-31.359496279405533
-445.25972133708905
175.3127367161011
0
21.79965519897359
0
401.65426892772496
0
892.3849794553736
0
-615.6973598557613
156.08108721630407
0
88.1336607659693
0
77.1281453308434
0
-147.80329836415163
-87.4937080641876
-64.72073996067887
370.2543156918979
0
408.0846717728361
0
468.80931717087424
0
780.511409367102
0
50.573701075964365
0
-37.50901083653618
-89.04170542484891
-117.67637708255123
-57.12309289129918
-29.99109963448825
-114.66450296657737
228.86968815617738
0
18.046530110962365
0
58.70633617718349
0
3.688438465519825
188.73478144452324
0
66.86332265981204
0
39.217349525289904
0
131.32321638491769
0
-59.60090842602752
627.1124341225839
0
-36.96513886233695
40.220207107271484
0
49.09384140536812
0
47.90581016571555
0
216.93113996061126
0
202.97461671222834
0
746.0063354265885
0
-223.39930284643438
-71.77830072986329
-136.26779972277086
-78.32734857392586
358.90901740372743
0
638.8242684622192
0
881.563687796299
0
902.4280220089257
0
478.1385618608485
0
212.63287429297418
0
495.9630679754938
0
976.1407104233958
0
1095.269177685286
0
34.09652505344868
0
300.0182777524034
0
55.97536073910024
0
89.34513883908593
0
697.418639743029
0
939.2805353477584
0
763.9792639538366
0
101.90920344633838
0
54.69691738852211
0
853.5610614546065
0
941.9289123128606
0
1059.7009926234614
0
978.2355622188051
0
1089.065549032182
0
1004.4651958753027
0
957.6048358460961
0
980.9262701440719
0
973.3064470330318
0
949.9281359385018
0
-138.48457947371497
-128.93039190754286
167.17779590286892
0
-685.2748845032045
164.9011886380831
0
875.3471310720064
0
42.608134065527786
0
960.8272601977606
0
1085.7472956154525
0
950.1495062569336
0
23.177268006943763
0
52.45038514197237
0
23.085143163271994
0
11.362637454780781
0
34.44236016094092
0
933.9540079821829
0
902.1220139510772
0
954.596763560367
0
